// glider
[[8,18],[9,19],[10,17],[10,18],[10,19]]
[[0,1],[1,2],[2,0],[2,1],[2,2]]

// pulsar
[[11,30],[11,36],[12,30],[12,36],[13,30],[13,31],[13,35],[13,36],[15,26],[15,27],[15,28],[15,31],[15,32],[15,34],[15,35],[15,38],[15,39],[15,40],[16,28],[16,30],[16,32],[16,34],[16,36],[16,38],[17,30],[17,31],[17,35],[17,36],[19,30],[19,31],[19,35],[19,36],[20,28],[20,30],[20,32],[20,34],[20,36],[20,38],[21,26],[21,27],[21,28],[21,31],[21,32],[21,34],[21,35],[21,38],[21,39],[21,40],[23,30],[23,31],[23,35],[23,36],[24,30],[24,36],[25,30],[25,36]]
[[0,4],[0,10],[1,4],[1,10],[2,4],[2,5],[2,9],[2,10],[4,0],[4,1],[4,2],[4,5],[4,6],[4,8],[4,9],[4,12],[4,13],[4,14],[5,2],[5,4],[5,6],[5,8],[5,10],[5,12],[6,4],[6,5],[6,9],[6,10],[8,4],[8,5],[8,9],[8,10],[9,2],[9,4],[9,6],[9,8],[9,10],[9,12],[10,0],[10,1],[10,2],[10,5],[10,6],[10,8],[10,9],[10,12],[10,13],[10,14],[12,4],[12,5],[12,9],[12,10],[13,4],[13,10],[14,4],[14,10]]

// light weight space ship
[[7,18],[7,21],[8,22],[9,18],[9,22],[10,19],[10,20],[10,21],[10,22]]
[[0,0],[0,3],[1,4],[2,0],[2,4],[3,1],[3,2],[3,3],[3,4]]

// r-pentomino
[[11,13],[11,14],[12,12],[12,13],[13,13]]
[[0,1],[0,2],[1,0],[1,1],[2,1]]

// die hard
[[14,29],[15,23],[15,24],[16,24],[16,28],[16,29],[16,30]]
[[0,6],[1,0],[1,1],[2,1],[2,5],[2,6],[2,7]]

// acorn
[[8,15],[9,17],[10,14],[10,15],[10,18],[10,19],[10,20]]
[[0,1],[1,3],[2,0],[2,1],[2,4],[2,5],[2,6]]

// gosper glider gun
[[7,24],[8,22],[8,24],[9,12],[9,13],[9,20],[9,21],[9,28],[9,29],[10,11],[10,15],[10,20],[10,21],[10,28],[10,29],[11,0],[11,1],[11,10],[11,16],[11,20],[11,21],[12,0],[12,1],[12,10],[12,14],[12,16],[12,17],[12,22],[12,24],[13,10],[13,16],[13,24],[14,17],[14,21],[15,18],[15,19]]
[[0,24],[1,22],[1,24],[2,12],[2,13],[2,20],[2,21],[2,28],[2,29],[3,11],[3,15],[3,20],[3,21],[3,28],[3,29],[4,0],[4,1],[4,10],[4,16],[4,20],[4,21],[5,0],[5,1],[5,10],[5,14],[5,16],[5,17],[5,22],[5,24],[6,10],[6,16],[6,24],[7,17],[7,21],[8,18],[8,19]]